%YAML:1.0
M1: !!opencv-matrix
   rows: 3
   cols: 3
   dt: d
   data: [ 381.36115, 0., 320, 0.,
       286.020862686, 240, 0., 0., 1. ]
D1: !!opencv-matrix
   rows: 1
   cols: 5
   dt: d
   data: [ 0., 0., 0., 0., 0. ]
M2: !!opencv-matrix
   rows: 3
   cols: 3
   dt: d
   data: [ 381.36115, 0., 320, 0.,
       286.020862686, 240, 0., 0., 1. ]
D2: !!opencv-matrix
   rows: 1
   cols: 5
   dt: d
   data: [ 0., 0., 0., 0., 0. ]

R: !!opencv-matrix
  rows: 3
  cols: 3
  dt: d
  data: [ 1,0,0,
          0,1,0,
          0,0,1 ]
T: !!opencv-matrix
  rows: 3
  cols: 1
  dt: d
  data: [ -0.2, 0., 0. ]