%YAML:1.0
M1: !!opencv-matrix
   rows: 3
   cols: 3
   dt: d
   data: [460.9712487424601, 0.0, 371.572145016017, 0.0, 460.3584611014001, 225.18401986145938, 0.0, 0.0, 1.0]

D1: !!opencv-matrix
   rows: 1
   cols: 5
   dt: d
   data: [-0.3635209078481079, 0.1008027159283774, -0.0001458343737166288, -0.0017017824569428768, 0.0]
M2: !!opencv-matrix
   rows: 3
   cols: 3
   dt: d
   data: [457.3811001898813, 0.0, 346.9540587804904, 0.0, 457.34966292984114, 252.76257873754906, 0.0, 0.0, 1.0]

D2: !!opencv-matrix
   rows: 1
   cols: 5
   dt: d
   data: [-0.35943910145823627, 0.1007952740392613, -0.0008612620571923316, 0.0023142378897158524, 0.0]

R: !!opencv-matrix
  rows: 3
  cols: 3
  dt: d
  data: [0.999161514401851, -0.007347563857370, 0.040277555084203, 0.007339998928639, 0.999973005497159, 0.000335697344620, -0.040278934369304, -0.000039778656065, 0.999188473644353]
T: !!opencv-matrix
  rows: 3
  cols: 1
  dt: d
  data: [-0.10002781323864654, -0.001189639776282648, 0.003958362603908735]

PreFilterCap: 31
sgbmWinSize: 9
MinDisparity: 0
UniquenessRatio: 16
SpeckleWindowSize: 400
SpeckleRange: 4
Disp12MaxDiff: 1