%YAML:1.0
M2: !!opencv-matrix
   rows: 3
   cols: 3
   dt: d
   data: [461.8200346698362, 0.0, 361.6108683602981, 0.0, 460.5620339939802, 249.5646383269713, 0.0, 0.0, 1.0]
D2: !!opencv-matrix
   rows: 1
   cols: 5
   dt: d
   data: [-0.39275760149188405, 0.12982258966999996, -0.0003652400052439934, 3.5260766008051976e-05, 0.0]
R2: !!opencv-matrix
   rows: 3
   cols: 3
   dt: d
   data: [0.9969457266812028, -0.006791504737723306, 0.07780162925984252, 0.007300114930530312, 0.9999537923274944, -0.006254720766219405, -0.07775555526192035, 0.006803577974845957, 0.996949238904695]
P2: !!opencv-matrix
   rows: 3
   cols: 4
   dt: d
   data: [445.3385162552772, 0.0, 308.09266662597656, 0.0, 0.0, 445.3385162552772, 237.1376495361328, 0.0, 0.0, 0.0, 1.0, 0.0]

M1: !!opencv-matrix
   rows: 3
   cols: 3
   dt: d
   data: [468.4501250008968, 0.0, 374.99905930073686, 0.0, 468.51022331997893, 228.63275794936277, 0.0, 0.0, 1.0]
D1: !!opencv-matrix
   rows: 1
   cols: 5
   dt: d
   data: [-0.3660272210071351, 0.1054104235209177, -0.0018666576409428202, -0.0037342249185758473, 0.0]

R1: !!opencv-matrix
   rows: 3
   cols: 3
   dt: d
   data: [0.9954519827422529, -0.013378832361249806, 0.09432050094845229, 0.012761540759154914, 0.9998930417943668, 0.007144791715731862, -0.09440600156753723, -0.005908622162428139, 0.9955162454988727]

P1: !!opencv-matrix
   rows: 3
   cols: 4
   dt: d
   data: [445.3385162552772, 0.0, 308.09266662597656, 44.985771819424535, 0.0, 445.3385162552772, 237.1376495361328, 0.0, 0.0, 0.0, 1.0, 0.0]

Q: !!opencv-matrix
   rows: 4
   cols: 4
   dt: d
   data: [1, 0, 0, -361.6108683602981, 0, 1, 0, -249.5646383269713, 0, 0, 0, 445.3385162552772, 0, 0, -0.101014779, 0]

PreFilterCap: 63
sgbmWinSize: 9
MinDisparity: 0
UniquenessRatio: 4
SpeckleWindowSize: 400
SpeckleRange: 4
Disp12MaxDiff: 1
TextureThreshold: 0
Width: 752
Height: 480
Scale: 1